DATE ADDED TO CATALOG	PUBMED ID	FIRST AUTHOR	DATE	JOURNAL	LINK	STUDY	DISEASE/TRAIT	INITIAL SAMPLE SIZE	REPLICATION SAMPLE SIZE	PLATFORM [SNPS PASSING QC]	ASSOCIATION COUNT	MAPPED_TRAIT	MAPPED_TRAIT_URI	STUDY ACCESSION	GENOTYPING TECHNOLOGY	SUBMISSION DATE	STATISTICAL MODEL	BACKGROUND TRAIT	MAPPED BACKGROUND TRAIT	MAPPED BACKGROUND TRAIT URI	COHORT	FULL SUMMARY STATISTICS	SUMMARY STATS LOCATION	GXE	copd_category	initial_cases_parsed	initial_controls_parsed	initial_count_phrases_parsed	initial_sex_mentioned	initial_age_mentioned	replication_cases_parsed	replication_controls_parsed	replication_count_phrases_parsed	replication_sex_mentioned	replication_age_mentioned	initial_individuals_catalog	replication_individuals_catalog
2009-03-31	19300482	Pillai SG	2009-03-20	PLoS Genet	www.ncbi.nlm.nih.gov/pubmed/19300482	A genome-wide association study in chronic obstructive pulmonary disease (COPD): identification of two major susceptibility loci.	Chronic obstructive pulmonary disease	823 cases, 810 controls	1,891 European ancestry individuals from 606 families, 389 European ancestry cases, 472 European ancestry controls, 949 individuals from 127 families	Illumina [493609]	2	chronic obstructive pulmonary disease	http://purl.obolibrary.org/obo/MONDO_0005002	GCST000359	Genome-wide genotyping array							no		no	core_copd	823	810	2	False	False	389	472	2	False	False	1633.0	3701.0
2010-03-17	20173748	Cho MH	2010-02-21	Nat Genet	www.ncbi.nlm.nih.gov/pubmed/20173748	Variants in FAM13A are associated with chronic obstructive pulmonary disease.	Chronic obstructive pulmonary disease	2,940 European ancestry cases, 1,380 European ancestry controls	502 European ancestry cases, 504 European ancestry controls, 1,110 cases, 2,698 controls	Illumina [499578]	3	chronic obstructive pulmonary disease	http://purl.obolibrary.org/obo/MONDO_0005002	GCST000603	Genome-wide genotyping array							no		no	core_copd	2940	1380	2	False	False	1612	3202	4	False	False	4320.0	4814.0
2011-12-15	22080838	Cho MH	2011-11-11	Hum Mol Genet	www.ncbi.nlm.nih.gov/pubmed/22080838	A genome-wide association study of COPD identifies a susceptibility locus on chromosome 19q13.	Chronic obstructive pulmonary disease	3,499 European ancestry cases, 1,922 European ancestry controls	983 cases, 1,876 sibling controls	Illumina [797983]	4	chronic obstructive pulmonary disease	http://purl.obolibrary.org/obo/MONDO_0005002	GCST001321	Genome-wide genotyping array							no		no	core_copd	3499	1922	2	False	False	983	1876	2	False	False	5421.0	2859.0
2012-11-28	22986903	Hansel NN	2012-09-18	Hum Genet	www.ncbi.nlm.nih.gov/pubmed/22986903	Genome-wide study identifies two loci associated with lung function decline in mild to moderate COPD.	Chronic obstructive pulmonary disease	4,048 European ancestry cases	1,772 European ancestry cases, 4,733 cases	Illumina [528817]	0	chronic obstructive pulmonary disease	http://purl.obolibrary.org/obo/MONDO_0005002	GCST001686	Genome-wide genotyping array							no		no	core_copd	4048	0	1	False	False	6505	0	2	False	False	4048.0	6505.0
2014-10-17	24621683	Cho MH	2014-02-07	Lancet Respir Med	www.ncbi.nlm.nih.gov/pubmed/24621683	Risk loci for chronic obstructive pulmonary disease: a genome-wide association study and meta-analysis.	Chronic obstructive pulmonary disease (severe)	3,145 European ancestry cases, 3,955 European ancestry controls, 352 African American cases, 1,749 African American controls	2,651 cases and their relatives	Illumina [up to 701491] (imputed)	6	chronic obstructive pulmonary disease	http://purl.obolibrary.org/obo/MONDO_0005002	GCST002350	Genome-wide genotyping array							no		no	core_copd	3497	5704	4	False	False	2651	0	1	False	False	9670.0	2651.0
2014-10-17	24621683	Cho MH	2014-02-07	Lancet Respir Med	www.ncbi.nlm.nih.gov/pubmed/24621683	Risk loci for chronic obstructive pulmonary disease: a genome-wide association study and meta-analysis.	Chronic obstructive pulmonary disease (moderate to severe)	5,812 European ancestry cases, 3,955 European ancestry controls, 821 African American cases, 1,749 African American controls	2,651 cases and their relatives	Illumina [up to 701491] (imputed)	9	chronic obstructive pulmonary disease	http://purl.obolibrary.org/obo/MONDO_0005002	GCST002351	Genome-wide genotyping array							no		no	core_copd	6633	5704	4	False	False	2651	0	1	False	False	12337.0	2651.0
2015-05-30	25241909	Lee JH	2014-09-21	Respir Res	www.ncbi.nlm.nih.gov/pubmed/25241909	Genetic susceptibility for chronic bronchitis in chronic obstructive pulmonary disease.	Chronic obstructive pulmonary disease	3,777 European ancestry cases, 3,520 European ancestry smoker controls		Illumina [NR] (imputed)	3	chronic obstructive pulmonary disease	http://purl.obolibrary.org/obo/MONDO_0005002	GCST002624	Genome-wide genotyping array							no		no	core_copd	3777	3520	2	False	False	0	0	0	False	False	7297.0	
2015-12-04	25584925	Chen W	2015-01-13	Ann Am Thorac Soc	www.ncbi.nlm.nih.gov/pubmed/25584925	A genome-wide association study of chronic obstructive pulmonary disease in Hispanics.	Chronic obstructive pulmonary disease	94 Costa Rican founder population smoker cases, 412 Costa Rican founder population smoker controls, 63 Hispanic ancestry cases, 619 Hispanic ancestry controls	47 Hispanic ancestry smoker cases, 290 Hispanic ancestry smoker controls	Affymetrix, Illumina [~ 2600000] (imputed)	3	chronic obstructive pulmonary disease	http://purl.obolibrary.org/obo/MONDO_0005002	GCST002750	Genome-wide genotyping array							no		no	core_copd	157	1031	4	False	False	47	290	2	False	False	1188.0	337.0
2015-07-09	25101718	Lee JH	2015-03-01	Am J Respir Cell Mol Biol	www.ncbi.nlm.nih.gov/pubmed/25101718	IREB2 and GALC are associated with pulmonary artery enlargement in chronic obstructive pulmonary disease.	Chronic obstructive pulmonary disease	3,281 European ancestry cases, 494 African American cases, 2,712 European ancestry smoker controls, 1,749 African American smoker controls		Illumina [NR] (imputed)	5	chronic obstructive pulmonary disease	http://purl.obolibrary.org/obo/MONDO_0005002	GCST002795	Genome-wide genotyping array							no		no	core_copd	3775	4461	4	False	False	0	0	0	False	False	8236.0	
2017-06-08	28166215	Hobbs BD	2017-02-06	Nat Genet	www.ncbi.nlm.nih.gov/pubmed/28166215	Genetic loci associated with chronic obstructive pulmonary disease overlap with loci for lung function and pulmonary fibrosis.	Chronic obstructive pulmonary disease	11,157 European ancestry cases, 36,699 European ancestry controls, 1,142 African American cases, 2,380 African American controls, 199 Korean ancestry cases, 6,741 Korean ancestry controls, 52 Hispanic cases, 548 Hispanic controls.	12,051 European ancestry cases, 11,111 European ancestry controls, 153 Korean ancestry cases, 205 Korean ancestry controls.	Affymetrix, Illumina [NR] (imputed)	31	chronic obstructive pulmonary disease	http://purl.obolibrary.org/obo/MONDO_0005002	GCST004147	Genome-wide genotyping array							no		no	core_copd	12550	46368	8	False	False	12204	11316	4	False	False	58918.0	23520.0
2018-03-29	29394082	Burkart KM	2018-02-02	Am J Respir Crit Care Med	www.ncbi.nlm.nih.gov/pubmed/29394082	A Genome-wide Association Study in Hispanics/Latinos Identifies Novel Signals for Lung Function. The Hispanic Community Health Study/Study of Latinos.	Chronic obstructive pulmonary disease	363 Hispanic cases, 5,253 Hispanic controls	European ancestry cases and controls (see Wilk et al 2012)	Illumina [up to 27887661] (imputed)	2	chronic obstructive pulmonary disease	http://purl.obolibrary.org/obo/MONDO_0005002	GCST005417	Genome-wide genotyping array							no		no	core_copd	363	5253	2	False	False	0	0	0	False	False	5616.0	
2024-10-08	30104761	Zhou W	2018-08-13	Nat Genet	www.ncbi.nlm.nih.gov/pubmed/30104761	Efficiently controlling for case-control imbalance and sample relatedness in large-scale genetic association studies.	Chronic airway obstruction (PheCode 496)	10,502 British ancestry cases, 375,505 British ancestry controls		Affymetrix [28000000] (imputed)	0	chronic obstructive pulmonary disease	http://purl.obolibrary.org/obo/MONDO_0005002	GCST90436220	Genome-wide genotyping array						UKB	yes	http://ftp.ebi.ac.uk/pub/databases/gwas/summary_statistics/GCST90436001-GCST90437000/GCST90436220	no	core_copd	10502	375505	2	False	False	0	0	0	False	False	386007.0	
2019-05-01	30804561	Sakornsakolpat P	2019-02-25	Nat Genet	www.ncbi.nlm.nih.gov/pubmed/30804561	Genetic landscape of chronic obstructive pulmonary disease identifies heterogeneous cell-type and phenotype associations.	Chronic obstructive pulmonary disease	35,735 cases, 222,076 controls		Affymetrix, Illumina [6224355] (imputed)	124	chronic obstructive pulmonary disease	http://purl.obolibrary.org/obo/MONDO_0005002	GCST007692	Genome-wide genotyping array							no		no	core_copd	35735	222076	2	False	False	0	0	0	False	False	257811.0	
2019-06-27	31036433	Pividori M	2019-04-26	Lancet Respir Med	www.ncbi.nlm.nih.gov/pubmed/31036433	Shared and distinct genetic risk factors for childhood-onset and adult-onset asthma: genome-wide and transcriptome-wide studies.	Chronic obstructive pulmonary disease	9,876 British ancestry cases, 318,237 British ancestry controls		Affymetrix [10894596] (imputed)	1	chronic obstructive pulmonary disease	http://purl.obolibrary.org/obo/MONDO_0005002	GCST007996	Genome-wide genotyping array							no		no	core_copd	9876	318237	2	False	False	0	0	0	False	False	328113.0	
2020-07-21	32222710	Hosgood Iii HD	2020-03-27	Respiration	www.ncbi.nlm.nih.gov/pubmed/32222710	PRDM15 Is Associated with Risk of Chronic Obstructive Pulmonary Disease in a Rural Population in Chile.	Chronic obstructive pulmonary disease	214 Chilean cases, 193 Chilean controls		Illumina [455564] (imputed)	5	chronic obstructive pulmonary disease	http://purl.obolibrary.org/obo/MONDO_0005002	GCST010249	Genome-wide genotyping array							no		no	core_copd	214	193	2	False	False	0	0	0	False	False	407.0	
2021-02-26	32514122	Ishigaki K	2020-06-08	Nat Genet	www.ncbi.nlm.nih.gov/pubmed/32514122	Large-scale genome-wide association study in a Japanese population identifies novel susceptibility loci across different diseases.	Chronic obstructive pulmonary disease	3,315 Japanese ancestry cases, 201,592 Japanese ancestry controls		Illumina [8919992] (imputed)	7	chronic obstructive pulmonary disease	http://purl.obolibrary.org/obo/MONDO_0005002	GCST90013709	Genome-wide genotyping array						BBJ	no		no	core_copd	3315	201592	2	False	False	0	0	0	False	False	204907.0	
2021-02-26	32514122	Ishigaki K	2020-06-08	Nat Genet	www.ncbi.nlm.nih.gov/pubmed/32514122	Large-scale genome-wide association study in a Japanese population identifies novel susceptibility loci across different diseases.	Chronic obstructive pulmonary disease	2,855 Japanese ancestry male cases, 103,089 Japanese ancestry male controls		Illumina [8919992] (imputed)	0	chronic obstructive pulmonary disease	http://purl.obolibrary.org/obo/MONDO_0005002	GCST90013746	Genome-wide genotyping array						BBJ	no		no	core_copd	2855	103089	2	True	False	0	0	0	False	False	105944.0	
2021-02-26	32514122	Ishigaki K	2020-06-08	Nat Genet	www.ncbi.nlm.nih.gov/pubmed/32514122	Large-scale genome-wide association study in a Japanese population identifies novel susceptibility loci across different diseases.	Chronic obstructive pulmonary disease	460 Japanese ancestry female cases, 98,503 Japanese ancestry female controls		Illumina [8919992] (imputed)	0	chronic obstructive pulmonary disease	http://purl.obolibrary.org/obo/MONDO_0005002	GCST90013781	Genome-wide genotyping array						BBJ	no		no	core_copd	460	98503	2	True	False	0	0	0	False	False	98963.0	
2021-03-30	32824824	Diaz-Pena R	2020-08-18	J Pers Med	www.ncbi.nlm.nih.gov/pubmed/32824824	Amerindian Ancestry Influences Genetic Susceptibility to Chronic Obstructive Pulmonary Disease.	Chronic obstructive pulmonary disease	214 Chilean cases, 193 Chilean controls		Illumina [754159] (imputed)	3	chronic obstructive pulmonary disease	http://purl.obolibrary.org/obo/MONDO_0005002	GCST011435	Genome-wide genotyping array							no		no	core_copd	214	193	2	False	False	0	0	0	False	False	407.0	
2021-04-23	33106845	Kim W	2020-10-27	Am J Epidemiol	www.ncbi.nlm.nih.gov/pubmed/33106845	Genome-wide Gene-by-smoking Interaction Study of Chronic Obstructive Pulmonary Disease.	Chronic obstructive pulmonary disease x ever smoker interaction (main effect)	21,077 European ancestry cases, 179,689 European ancestry controls		Affymetrix [9886854] (imputed)	32	chronic obstructive pulmonary disease	http://purl.obolibrary.org/obo/MONDO_0005002	GCST90016586	Genome-wide genotyping array						UKB	yes	http://ftp.ebi.ac.uk/pub/databases/gwas/summary_statistics/GCST90016001-GCST90017000/GCST90016586	yes	core_copd	21077	179689	2	False	False	0	0	0	False	False	200766.0	
2021-04-23	33106845	Kim W	2020-10-27	Am J Epidemiol	www.ncbi.nlm.nih.gov/pubmed/33106845	Genome-wide Gene-by-smoking Interaction Study of Chronic Obstructive Pulmonary Disease.	Chronic obstructive pulmonary disease in ever smokers	12,446 European ancestry cases, 59,145 European ancestry controls		Affymetrix [9886854] (imputed)	33	chronic obstructive pulmonary disease	http://purl.obolibrary.org/obo/MONDO_0005002	GCST90016588	Genome-wide genotyping array				smoking status measurement	http://www.ebi.ac.uk/efo/EFO_0006527	UKB	yes	http://ftp.ebi.ac.uk/pub/databases/gwas/summary_statistics/GCST90016001-GCST90017000/GCST90016588	no	core_copd	12446	59145	2	False	False	0	0	0	False	False	71591.0	
2021-04-23	33106845	Kim W	2020-10-27	Am J Epidemiol	www.ncbi.nlm.nih.gov/pubmed/33106845	Genome-wide Gene-by-smoking Interaction Study of Chronic Obstructive Pulmonary Disease.	Chronic obstructive pulmonary disease in never smokers	8,631 European ancestry cases, 120,544 European ancestry controls		Affymetrix [9886854] (imputed)	32	chronic obstructive pulmonary disease	http://purl.obolibrary.org/obo/MONDO_0005002	GCST90016589	Genome-wide genotyping array				smoking status measurement	http://www.ebi.ac.uk/efo/EFO_0006527	UKB	yes	http://ftp.ebi.ac.uk/pub/databases/gwas/summary_statistics/GCST90016001-GCST90017000/GCST90016589	no	core_copd	8631	120544	2	False	False	0	0	0	False	False	129175.0	
2021-04-23	33106845	Kim W	2020-10-27	Am J Epidemiol	www.ncbi.nlm.nih.gov/pubmed/33106845	Genome-wide Gene-by-smoking Interaction Study of Chronic Obstructive Pulmonary Disease.	Chronic obstructive pulmonary disease x current smoker interaction (main effect)	21,077 European ancestry cases, 179,689 European ancestry controls		Affymetrix [9886854] (imputed)	54	chronic obstructive pulmonary disease	http://purl.obolibrary.org/obo/MONDO_0005002	GCST90016591	Genome-wide genotyping array						UKB	yes	http://ftp.ebi.ac.uk/pub/databases/gwas/summary_statistics/GCST90016001-GCST90017000/GCST90016591	yes	core_copd	21077	179689	2	False	False	0	0	0	False	False	200766.0	
2021-04-23	33106845	Kim W	2020-10-27	Am J Epidemiol	www.ncbi.nlm.nih.gov/pubmed/33106845	Genome-wide Gene-by-smoking Interaction Study of Chronic Obstructive Pulmonary Disease.	Chronic obstructive pulmonary disease in current smokers	4,589 European ancestry cases, 10,001 European ancestry controls		Affymetrix [9886854] (imputed)	7	chronic obstructive pulmonary disease	http://purl.obolibrary.org/obo/MONDO_0005002	GCST90016593	Genome-wide genotyping array				smoking status measurement	http://www.ebi.ac.uk/efo/EFO_0006527	UKB	yes	http://ftp.ebi.ac.uk/pub/databases/gwas/summary_statistics/GCST90016001-GCST90017000/GCST90016593	no	core_copd	4589	10001	2	False	False	0	0	0	False	False	14590.0	
2021-04-23	33106845	Kim W	2020-10-27	Am J Epidemiol	www.ncbi.nlm.nih.gov/pubmed/33106845	Genome-wide Gene-by-smoking Interaction Study of Chronic Obstructive Pulmonary Disease.	Chronic obstructive pulmonary disease in non-current smokers	16,488 European ancestry cases, 169,688 European ancestry controls		Affymetrix [9886854] (imputed)	54	chronic obstructive pulmonary disease	http://purl.obolibrary.org/obo/MONDO_0005002	GCST90016594	Genome-wide genotyping array				smoking status measurement	http://www.ebi.ac.uk/efo/EFO_0006527	UKB	yes	http://ftp.ebi.ac.uk/pub/databases/gwas/summary_statistics/GCST90016001-GCST90017000/GCST90016594	no	core_copd	16488	169688	2	False	False	0	0	0	False	False	186176.0	
2021-06-04	33235445	Lee YJ	2020-11-17	Int J Chron Obstruct Pulmon Dis	www.ncbi.nlm.nih.gov/pubmed/33235445	A Genome-Wide Association Study in Early COPD: Identification of One Major Susceptibility Loci.	Early chronic obstructive pulmonary disease in never smokers	38 Korean ancestry cases, 1,778 Korean ancestry controls		Affymetrix [345072]	10	chronic obstructive pulmonary disease	http://purl.obolibrary.org/obo/MONDO_0005002	GCST011793	Genome-wide genotyping array				smoking status measurement	http://www.ebi.ac.uk/efo/EFO_0006527		no		no	core_copd	38	1778	2	False	False	0	0	0	False	False	1816.0	
2021-06-04	33235445	Lee YJ	2020-11-17	Int J Chron Obstruct Pulmon Dis	www.ncbi.nlm.nih.gov/pubmed/33235445	A Genome-Wide Association Study in Early COPD: Identification of One Major Susceptibility Loci.	Early chronic obstructive pulmonary disease	130 Korean ancestry cases, 3,478 Korean ancestry controls		Affymetrix [345072]	3	chronic obstructive pulmonary disease	http://purl.obolibrary.org/obo/MONDO_0005002	GCST011794	Genome-wide genotyping array							no		no	core_copd	130	3478	2	False	False	0	0	0	False	False	3608.0	
2021-06-01	33909500	Moll M	2021-04-28	Am J Physiol Lung Cell Mol Physiol	www.ncbi.nlm.nih.gov/pubmed/33909500	A Systematic Analysis of Protein-altering Exonic Variants in Chronic Obstructive Pulmonary Disease.	Chronic obstructive pulmonary disease	up to 31,465 European ancestry cases, up to 203,688 European ancestry controls, up to 1,413 African ancestry cases, up to 6,080 African ancestry controls, up to 287 East Asian ancestry cases, up to 7,484 East Asian ancestry controls, up to 61 Hispanic cases, up to 613 Hispanic controls		Illumina [at least 109036]	35	chronic obstructive pulmonary disease	http://purl.obolibrary.org/obo/MONDO_0005002	GCST011766	Exome genotyping array [Exome array]							no		no	core_copd	33226	217865	8	False	False	0	0	0	False	False	252250.0	
2021-12-14	34594039	Sakaue S	2021-09-30	Nat Genet	www.ncbi.nlm.nih.gov/pubmed/34594039	A cross-population atlas of genetic associations for 220 human phenotypes.	Chronic obstructive pulmonary disease	4,017 East Asian ancestry cases, 162,653 East Asian ancestry controls		Illumina [13427899] (imputed)	5	chronic obstructive pulmonary disease	http://purl.obolibrary.org/obo/MONDO_0005002	GCST90018587	Genome-wide genotyping array						BBJ	yes	http://ftp.ebi.ac.uk/pub/databases/gwas/summary_statistics/GCST90018001-GCST90019000/GCST90018587	no	core_copd	4017	162653	2	False	False	0	0	0	False	False	166670.0	
2021-12-14	34594039	Sakaue S	2021-09-30	Nat Genet	www.ncbi.nlm.nih.gov/pubmed/34594039	A cross-population atlas of genetic associations for 220 human phenotypes.	Chronic obstructive pulmonary disease	13,530 European ancestry cases, 454,945 European ancestry controls, 4,017 East Asian ancestry cases, 162,653 East Asian ancestry controls		Affymetrix, Illumina [25843162] (imputed)	13	chronic obstructive pulmonary disease	http://purl.obolibrary.org/obo/MONDO_0005002	GCST90018807	Genome-wide genotyping array						BBJ|UKB|FinnGen	yes	http://ftp.ebi.ac.uk/pub/databases/gwas/summary_statistics/GCST90018001-GCST90019000/GCST90018807	no	core_copd	17547	617598	4	False	False	0	0	0	False	False	635145.0	
2026-04-22	34662886	Backman JD	2021-10-18	Nature	www.ncbi.nlm.nih.gov/pubmed/34662886	Exome sequencing and analysis of 454,787 UK Biobank participants.	Chronic obstructive airways disease copd	1,758 European ancestry cases, 329,996 European ancestry controls		Affymetrix, Illumina [458873]	0	chronic obstructive pulmonary disease	http://purl.obolibrary.org/obo/MONDO_0005002	GCST90077673	Genome-wide genotyping array, Exome-wide sequencing [UK Biobank/UK BiLEVE Axiom Array]						UKB	yes	http://ftp.ebi.ac.uk/pub/databases/gwas/summary_statistics/GCST90077001-GCST90078000/GCST90077673	no	core_copd	1758	329996	2	False	False	0	0	0	False	False	331754.0	
2026-04-22	34662886	Backman JD	2021-10-18	Nature	www.ncbi.nlm.nih.gov/pubmed/34662886	Exome sequencing and analysis of 454,787 UK Biobank participants.	ICD10 J44: chronic obstructive airways disease copd	1,651 European ancestry cases, 327,401 European ancestry controls		Affymetrix, Illumina [456275]	0	chronic obstructive pulmonary disease	http://purl.obolibrary.org/obo/MONDO_0005002	GCST90077674	Genome-wide genotyping array, Exome-wide sequencing [UK Biobank/UK BiLEVE Axiom Array]						UKB	yes	http://ftp.ebi.ac.uk/pub/databases/gwas/summary_statistics/GCST90077001-GCST90078000/GCST90077674	no	core_copd	1651	327401	2	False	False	0	0	0	False	False	329052.0	
2026-04-22	34662886	Backman JD	2021-10-18	Nature	www.ncbi.nlm.nih.gov/pubmed/34662886	Exome sequencing and analysis of 454,787 UK Biobank participants.	Chronic obstructive pulmonary disease (UKB data field 22130)	1,566 European ancestry cases, 106,683 European ancestry controls		Affymetrix, Illumina [195823]	0	chronic obstructive pulmonary disease	http://purl.obolibrary.org/obo/MONDO_0005002	GCST90078864	Genome-wide genotyping array, Exome-wide sequencing [UK Biobank/UK BiLEVE Axiom Array]						UKB	yes	http://ftp.ebi.ac.uk/pub/databases/gwas/summary_statistics/GCST90078001-GCST90079000/GCST90078864	no	core_copd	1566	106683	2	False	False	0	0	0	False	False	108249.0	
2026-04-22	34662886	Backman JD	2021-10-18	Nature	www.ncbi.nlm.nih.gov/pubmed/34662886	Exome sequencing and analysis of 454,787 UK Biobank participants.	Chronic obstructive pulmonary disease (UKB data field 6152)	7,705 European ancestry cases, 133,256 European ancestry controls		Affymetrix, Illumina [243196]	0	chronic obstructive pulmonary disease	http://purl.obolibrary.org/obo/MONDO_0005002	GCST90079454	Genome-wide genotyping array, Exome-wide sequencing [UK Biobank/UK BiLEVE Axiom Array]						UKB	yes	http://ftp.ebi.ac.uk/pub/databases/gwas/summary_statistics/GCST90079001-GCST90080000/GCST90079454	no	core_copd	7705	133256	2	False	False	0	0	0	False	False	140961.0	
2026-04-22	34662886	Backman JD	2021-10-18	Nature	www.ncbi.nlm.nih.gov/pubmed/34662886	Exome sequencing and analysis of 454,787 UK Biobank participants.	ICD10 J44.0: Chronic obstructive pulmonary disease with acute lower respiratory infection	3,295 European ancestry cases, 384,635 European ancestry controls		Affymetrix, Illumina [510688]	0	chronic obstructive pulmonary disease	http://purl.obolibrary.org/obo/MONDO_0005002	GCST90080129	Genome-wide genotyping array, Exome-wide sequencing [UK Biobank/UK BiLEVE Axiom Array]						UKB	yes	http://ftp.ebi.ac.uk/pub/databases/gwas/summary_statistics/GCST90080001-GCST90081000/GCST90080129	no	core_copd	3295	384635	2	False	False	0	0	0	False	False	387930.0	
2026-04-22	34662886	Backman JD	2021-10-18	Nature	www.ncbi.nlm.nih.gov/pubmed/34662886	Exome sequencing and analysis of 454,787 UK Biobank participants.	ICD10 J44.1: Chronic obstructive pulmonary disease with (acute) exacerbation	1,520 European ancestry cases, 386,410 European ancestry controls		Affymetrix, Illumina [510688]	0	chronic obstructive pulmonary disease	http://purl.obolibrary.org/obo/MONDO_0005002	GCST90080130	Genome-wide genotyping array, Exome-wide sequencing [UK Biobank/UK BiLEVE Axiom Array]						UKB	yes	http://ftp.ebi.ac.uk/pub/databases/gwas/summary_statistics/GCST90080001-GCST90081000/GCST90080130	no	core_copd	1520	386410	2	False	False	0	0	0	False	False	387930.0	
2026-04-22	34662886	Backman JD	2021-10-18	Nature	www.ncbi.nlm.nih.gov/pubmed/34662886	Exome sequencing and analysis of 454,787 UK Biobank participants.	ICD10 J44.8: Other specified chronic obstructive pulmonary disease	878 European ancestry cases, 387,052 European ancestry controls		Affymetrix, Illumina [510688]	0	chronic obstructive pulmonary disease	http://purl.obolibrary.org/obo/MONDO_0005002	GCST90080131	Genome-wide genotyping array, Exome-wide sequencing [UK Biobank/UK BiLEVE Axiom Array]						UKB	yes	http://ftp.ebi.ac.uk/pub/databases/gwas/summary_statistics/GCST90080001-GCST90081000/GCST90080131	no	core_copd	878	387052	2	False	False	0	0	0	False	False	387930.0	
2026-04-22	34662886	Backman JD	2021-10-18	Nature	www.ncbi.nlm.nih.gov/pubmed/34662886	Exome sequencing and analysis of 454,787 UK Biobank participants.	ICD10 J44.9: Chronic obstructive pulmonary disease, unspecified	11,079 European ancestry cases, 375,462 European ancestry controls		Affymetrix, Illumina [509387]	0	chronic obstructive pulmonary disease	http://purl.obolibrary.org/obo/MONDO_0005002	GCST90080132	Genome-wide genotyping array, Exome-wide sequencing [UK Biobank/UK BiLEVE Axiom Array]						UKB	yes	http://ftp.ebi.ac.uk/pub/databases/gwas/summary_statistics/GCST90080001-GCST90081000/GCST90080132	no	core_copd	11079	375462	2	False	False	0	0	0	False	False	386541.0	
2026-04-22	34662886	Backman JD	2021-10-18	Nature	www.ncbi.nlm.nih.gov/pubmed/34662886	Exome sequencing and analysis of 454,787 UK Biobank participants.	ICD10 J44: Other chronic obstructive pulmonary disease	12,856 European ancestry cases, 373,496 European ancestry controls		Affymetrix, Illumina [509259]	0	chronic obstructive pulmonary disease	http://purl.obolibrary.org/obo/MONDO_0005002	GCST90080133	Genome-wide genotyping array, Exome-wide sequencing [UK Biobank/UK BiLEVE Axiom Array]						UKB	yes	http://ftp.ebi.ac.uk/pub/databases/gwas/summary_statistics/GCST90080001-GCST90081000/GCST90080133	no	core_copd	12856	373496	2	False	False	0	0	0	False	False	386352.0	
2026-04-22	34662886	Backman JD	2021-10-18	Nature	www.ncbi.nlm.nih.gov/pubmed/34662886	Exome sequencing and analysis of 454,787 UK Biobank participants.	Chronic obstructive pulmonary disease - composite	14,114 European ancestry cases, 330,697 European ancestry controls		Affymetrix, Illumina [471303]	0	chronic obstructive pulmonary disease	http://purl.obolibrary.org/obo/MONDO_0005002	GCST90081468	Genome-wide genotyping array, Exome-wide sequencing [UK Biobank/UK BiLEVE Axiom Array]						UKB	yes	http://ftp.ebi.ac.uk/pub/databases/gwas/summary_statistics/GCST90081001-GCST90082000/GCST90081468	no	core_copd	14114	330697	2	False	False	0	0	0	False	False	344811.0	
2026-04-22	34662886	Backman JD	2021-10-18	Nature	www.ncbi.nlm.nih.gov/pubmed/34662886	Exome sequencing and analysis of 454,787 UK Biobank participants.	Chronic obstructive pulmonary disease	14,114 European ancestry cases, 315,430 European ancestry controls		Affymetrix, Illumina [456481]	0	chronic obstructive pulmonary disease	http://purl.obolibrary.org/obo/MONDO_0005002	GCST90081469	Genome-wide genotyping array, Exome-wide sequencing [UK Biobank/UK BiLEVE Axiom Array]						UKB	yes	http://ftp.ebi.ac.uk/pub/databases/gwas/summary_statistics/GCST90081001-GCST90082000/GCST90081469	no	core_copd	14114	315430	2	False	False	0	0	0	False	False	329544.0	
2026-04-22	34662886	Backman JD	2021-10-18	Nature	www.ncbi.nlm.nih.gov/pubmed/34662886	Exome sequencing and analysis of 454,787 UK Biobank participants.	Chronic obstructive airways disease copd (Gene-based burden)	1,758 European ancestry cases, 329,996 European ancestry controls		Illumina [184201]	0	chronic obstructive pulmonary disease	http://purl.obolibrary.org/obo/MONDO_0005002	GCST90081659	Exome-wide sequencing						UKB	yes	http://ftp.ebi.ac.uk/pub/databases/gwas/summary_statistics/GCST90081001-GCST90082000/GCST90081659	no	core_copd	1758	329996	2	False	False	0	0	0	False	False	331754.0	
2026-04-22	34662886	Backman JD	2021-10-18	Nature	www.ncbi.nlm.nih.gov/pubmed/34662886	Exome sequencing and analysis of 454,787 UK Biobank participants.	ICD10 J44: chronic obstructive airways disease copd (Gene-based burden)	1,651 European ancestry cases, 327,401 European ancestry controls		Illumina [184145]	0	chronic obstructive pulmonary disease	http://purl.obolibrary.org/obo/MONDO_0005002	GCST90081660	Exome-wide sequencing						UKB	yes	http://ftp.ebi.ac.uk/pub/databases/gwas/summary_statistics/GCST90081001-GCST90082000/GCST90081660	no	core_copd	1651	327401	2	False	False	0	0	0	False	False	329052.0	
2026-04-22	34662886	Backman JD	2021-10-18	Nature	www.ncbi.nlm.nih.gov/pubmed/34662886	Exome sequencing and analysis of 454,787 UK Biobank participants.	Chronic obstructive pulmonary disease (UKB data field 22130) (Gene-based burden)	1,566 European ancestry cases, 106,683 European ancestry controls		Illumina [166035]	0	chronic obstructive pulmonary disease	http://purl.obolibrary.org/obo/MONDO_0005002	GCST90082850	Exome-wide sequencing						UKB	yes	http://ftp.ebi.ac.uk/pub/databases/gwas/summary_statistics/GCST90082001-GCST90083000/GCST90082850	no	core_copd	1566	106683	2	False	False	0	0	0	False	False	108249.0	
2026-04-22	34662886	Backman JD	2021-10-18	Nature	www.ncbi.nlm.nih.gov/pubmed/34662886	Exome sequencing and analysis of 454,787 UK Biobank participants.	Chronic obstructive pulmonary disease (UKB data field 6152) (Gene-based burden)	7,705 European ancestry cases, 133,256 European ancestry controls		Illumina [172802]	0	chronic obstructive pulmonary disease	http://purl.obolibrary.org/obo/MONDO_0005002	GCST90083440	Exome-wide sequencing						UKB	yes	http://ftp.ebi.ac.uk/pub/databases/gwas/summary_statistics/GCST90083001-GCST90084000/GCST90083440	no	core_copd	7705	133256	2	False	False	0	0	0	False	False	140961.0	
2026-04-22	34662886	Backman JD	2021-10-18	Nature	www.ncbi.nlm.nih.gov/pubmed/34662886	Exome sequencing and analysis of 454,787 UK Biobank participants.	ICD10 J44.0: Chronic obstructive pulmonary disease with acute lower respiratory infection (Gene-based burden)	3,295 European ancestry cases, 384,635 European ancestry controls		Illumina [185344]	0	chronic obstructive pulmonary disease	http://purl.obolibrary.org/obo/MONDO_0005002	GCST90084115	Exome-wide sequencing						UKB	yes	http://ftp.ebi.ac.uk/pub/databases/gwas/summary_statistics/GCST90084001-GCST90085000/GCST90084115	no	core_copd	3295	384635	2	False	False	0	0	0	False	False	387930.0	
2026-04-22	34662886	Backman JD	2021-10-18	Nature	www.ncbi.nlm.nih.gov/pubmed/34662886	Exome sequencing and analysis of 454,787 UK Biobank participants.	ICD10 J44.1: Chronic obstructive pulmonary disease with (acute) exacerbation (Gene-based burden)	1,520 European ancestry cases, 386,410 European ancestry controls		Illumina [185344]	0	chronic obstructive pulmonary disease	http://purl.obolibrary.org/obo/MONDO_0005002	GCST90084116	Exome-wide sequencing						UKB	yes	http://ftp.ebi.ac.uk/pub/databases/gwas/summary_statistics/GCST90084001-GCST90085000/GCST90084116	no	core_copd	1520	386410	2	False	False	0	0	0	False	False	387930.0	
2026-04-22	34662886	Backman JD	2021-10-18	Nature	www.ncbi.nlm.nih.gov/pubmed/34662886	Exome sequencing and analysis of 454,787 UK Biobank participants.	ICD10 J44.8: Other specified chronic obstructive pulmonary disease (Gene-based burden)	878 European ancestry cases, 387,052 European ancestry controls		Illumina [185344]	0	chronic obstructive pulmonary disease	http://purl.obolibrary.org/obo/MONDO_0005002	GCST90084117	Exome-wide sequencing						UKB	yes	http://ftp.ebi.ac.uk/pub/databases/gwas/summary_statistics/GCST90084001-GCST90085000/GCST90084117	no	core_copd	878	387052	2	False	False	0	0	0	False	False	387930.0	
2026-04-22	34662886	Backman JD	2021-10-18	Nature	www.ncbi.nlm.nih.gov/pubmed/34662886	Exome sequencing and analysis of 454,787 UK Biobank participants.	ICD10 J44.9: Chronic obstructive pulmonary disease, unspecified (Gene-based burden)	11,079 European ancestry cases, 375,462 European ancestry controls		Illumina [185290]	0	chronic obstructive pulmonary disease	http://purl.obolibrary.org/obo/MONDO_0005002	GCST90084118	Exome-wide sequencing						UKB	yes	http://ftp.ebi.ac.uk/pub/databases/gwas/summary_statistics/GCST90084001-GCST90085000/GCST90084118	no	core_copd	11079	375462	2	False	False	0	0	0	False	False	386541.0	
2026-04-22	34662886	Backman JD	2021-10-18	Nature	www.ncbi.nlm.nih.gov/pubmed/34662886	Exome sequencing and analysis of 454,787 UK Biobank participants.	ICD10 J44: Other chronic obstructive pulmonary disease (Gene-based burden)	12,856 European ancestry cases, 373,496 European ancestry controls		Illumina [185299]	0	chronic obstructive pulmonary disease	http://purl.obolibrary.org/obo/MONDO_0005002	GCST90084119	Exome-wide sequencing						UKB	yes	http://ftp.ebi.ac.uk/pub/databases/gwas/summary_statistics/GCST90084001-GCST90085000/GCST90084119	no	core_copd	12856	373496	2	False	False	0	0	0	False	False	386352.0	
2026-04-22	34662886	Backman JD	2021-10-18	Nature	www.ncbi.nlm.nih.gov/pubmed/34662886	Exome sequencing and analysis of 454,787 UK Biobank participants.	Chronic obstructive pulmonary disease - composite (Gene-based burden)	14,114 European ancestry cases, 330,697 European ancestry controls		Illumina [184487]	0	chronic obstructive pulmonary disease	http://purl.obolibrary.org/obo/MONDO_0005002	GCST90085454	Exome-wide sequencing						UKB	yes	http://ftp.ebi.ac.uk/pub/databases/gwas/summary_statistics/GCST90085001-GCST90086000/GCST90085454	no	core_copd	14114	330697	2	False	False	0	0	0	False	False	344811.0	
2026-04-22	34662886	Backman JD	2021-10-18	Nature	www.ncbi.nlm.nih.gov/pubmed/34662886	Exome sequencing and analysis of 454,787 UK Biobank participants.	Chronic obstructive pulmonary disease (Gene-based burden)	14,114 European ancestry cases, 315,430 European ancestry controls		Illumina [184175]	0	chronic obstructive pulmonary disease	http://purl.obolibrary.org/obo/MONDO_0005002	GCST90085455	Exome-wide sequencing						UKB	yes	http://ftp.ebi.ac.uk/pub/databases/gwas/summary_statistics/GCST90085001-GCST90086000/GCST90085455	no	core_copd	14114	315430	2	False	False	0	0	0	False	False	329544.0	
2021-12-01	34737426	Jiang L	2021-11-04	Nat Genet	www.ncbi.nlm.nih.gov/pubmed/34737426	A generalized linear mixed model association tool for biobank-scale data.	Obstructive chronic bronchitis (PheCode 496.21)	2,115 European ancestry cases, 454,233 European ancestry controls		NR [11842647] (imputed)	0	chronic obstructive pulmonary disease	http://purl.obolibrary.org/obo/MONDO_0005002	GCST90044074	Genome-wide genotyping array						UKB	yes	http://ftp.ebi.ac.uk/pub/databases/gwas/summary_statistics/GCST90044001-GCST90045000/GCST90044074	no	core_copd	2115	454233	2	False	False	0	0	0	False	False	456348.0	
2022-06-01	35308900	Joo J	2022-02-21	AMIA Annu Symp Proc	www.ncbi.nlm.nih.gov/pubmed/35308900	Gene-Based Analysis Reveals Sex-Specific Genetic Risk Factors of COPD.	Chronic obstructive pulmonary disease	12,958 British ancestry male cases, 95,631 British ancestry male controls		NR [NR] (imputed)	19	chronic obstructive pulmonary disease	http://purl.obolibrary.org/obo/MONDO_0005002	GCST90103984	Genome-wide genotyping array						UKB	no		no	core_copd	12958	95631	2	True	False	0	0	0	False	False	108589.0	
2022-06-01	35308900	Joo J	2022-02-21	AMIA Annu Symp Proc	www.ncbi.nlm.nih.gov/pubmed/35308900	Gene-Based Analysis Reveals Sex-Specific Genetic Risk Factors of COPD.	Chronic obstructive pulmonary disease	11,311 British ancestry female cases, 123,714 British ancestry female controls		NR [NR] (imputed)	15	chronic obstructive pulmonary disease	http://purl.obolibrary.org/obo/MONDO_0005002	GCST90103985	Genome-wide genotyping array						UKB	no		no	core_copd	11311	123714	2	True	False	0	0	0	False	False	135025.0	
2023-04-11	36779085	Fitzgerald T	2022-08-10	Cell Genom	www.ncbi.nlm.nih.gov/pubmed/36779085	CNest: A novel copy number association discovery method uncovers 862 new associations from 200,629 whole-exome sequence datasets in the UK Biobank.	Source of chronic obstructive pulmonary disease report (UKB data field 42017)	5,757 European ancestry cases, 165,012 European ancestry controls		NR [299582]	0	chronic obstructive pulmonary disease	http://purl.obolibrary.org/obo/MONDO_0005002	GCST90103354	Exome-wide sequencing						UKB	yes	http://ftp.ebi.ac.uk/pub/databases/gwas/summary_statistics/GCST90103001-GCST90104000/GCST90103354	no	core_copd	5757	165012	2	False	False	0	0	0	False	False	170769.0	
2022-10-05	35953715	Mathur R	2022-08-11	Commun Biol	www.ncbi.nlm.nih.gov/pubmed/35953715	GAWMerge expands GWAS sample size and diversity by combining array-based genotyping and whole-genome sequencing.	Chronic obstructive pulmonary disease	4,500 European ancestry cases, 4,436 European ancestry controls, 813 African American cases, 712 African American controls		Illumina [NR] (imputed)	5	chronic obstructive pulmonary disease	http://purl.obolibrary.org/obo/MONDO_0005002	GCST90162551	Genome-wide genotyping array, Genome-wide sequencing						COGEND|COPDGene|ECLIPSE	no		no	core_copd	5313	5148	4	False	False	0	0	0	False	False	10461.0	
2024-04-16	36777996	Zhou W	2022-10-12	Cell Genom	www.ncbi.nlm.nih.gov/pubmed/36777996	Global Biobank Meta-analysis Initiative: Powering genetic discovery across human disease.	Chronic obstructive pulmonary disease	1,978 African ancestry cases, 27,704 African ancestry controls	1,151 African ancestry cases, 7,542 African ancestry controls	Illumina [NR] (imputed)	0	chronic obstructive pulmonary disease	http://purl.obolibrary.org/obo/MONDO_0005002	GCST90399691	Genome-wide genotyping array						BioMe|BioVU|CCPM|MGI|UCLA|UKB	yes	http://ftp.ebi.ac.uk/pub/databases/gwas/summary_statistics/GCST90399001-GCST90400000/GCST90399691	no	core_copd	1978	27704	2	False	False	1151	7542	2	False	False	29682.0	8693.0
2024-04-16	36777996	Zhou W	2022-10-12	Cell Genom	www.ncbi.nlm.nih.gov/pubmed/36777996	Global Biobank Meta-analysis Initiative: Powering genetic discovery across human disease.	Chronic obstructive pulmonary disease	1,503 Admixed American ancestry cases, 13,583 Admixed American ancestry controls		Illumina [NR] (imputed)	0	chronic obstructive pulmonary disease	http://purl.obolibrary.org/obo/MONDO_0005002	GCST90399692	Genome-wide genotyping array						BioMe|CCPM|UCLA	yes	http://ftp.ebi.ac.uk/pub/databases/gwas/summary_statistics/GCST90399001-GCST90400000/GCST90399692	no	core_copd	1503	13583	2	False	False	0	0	0	False	False	15086.0	
2024-04-16	36777996	Zhou W	2022-10-12	Cell Genom	www.ncbi.nlm.nih.gov/pubmed/36777996	Global Biobank Meta-analysis Initiative: Powering genetic discovery across human disease.	Chronic obstructive pulmonary disease	19,044 East Asian ancestry cases, 310,689 East Asian ancestry controls		Illumina [NR] (imputed)	0	chronic obstructive pulmonary disease	http://purl.obolibrary.org/obo/MONDO_0005002	GCST90399693	Genome-wide genotyping array						BBJ|CKB|TWB|UCLA	yes	http://ftp.ebi.ac.uk/pub/databases/gwas/summary_statistics/GCST90399001-GCST90400000/GCST90399693	no	core_copd	19044	310689	2	False	False	0	0	0	False	False	329733.0	
2024-04-16	36777996	Zhou W	2022-10-12	Cell Genom	www.ncbi.nlm.nih.gov/pubmed/36777996	Global Biobank Meta-analysis Initiative: Powering genetic discovery across human disease.	Chronic obstructive pulmonary disease	58,559 European ancestry cases, 937,358 European ancestry controls	3,068 European ancestry cases, 43,002 European ancestry controls	Illumina [NR] (imputed)	0	chronic obstructive pulmonary disease	http://purl.obolibrary.org/obo/MONDO_0005002	GCST90399694	Genome-wide genotyping array						BioMe|BioVU|CCPM|EB|FinnGen|GS:SFHS|HUNT|Lifelines|MGBB|MGI|UCLA|UKB	yes	http://ftp.ebi.ac.uk/pub/databases/gwas/summary_statistics/GCST90399001-GCST90400000/GCST90399694	no	core_copd	58559	937358	2	False	False	3068	43002	2	False	False	995917.0	46070.0
2024-04-16	36777996	Zhou W	2022-10-12	Cell Genom	www.ncbi.nlm.nih.gov/pubmed/36777996	Global Biobank Meta-analysis Initiative: Powering genetic discovery across human disease.	Chronic obstructive pulmonary disease	1,503 Admixed American ancestry cases, 13,583 Admixed American ancestry controls, 484 South Asian ancestry cases, 21,464 South Asian ancestry controls, 1,978 African ancestry cases, 27,704 African ancestry controls, 19,044 East Asian ancestry cases, 310,689 East Asian ancestry controls, 58,559 European ancestry cases, 937,358 European ancestry controls	1,151 African ancestry cases, 7,542 African ancestry controls, 3,068 European ancestry cases, 43,002 European ancestry controls	Illumina [NR] (imputed)	23	chronic obstructive pulmonary disease	http://purl.obolibrary.org/obo/MONDO_0005002	GCST90399695	Genome-wide genotyping array						BBJ|BioMe|BioVU|CCPM|CKB|EB|FinnGen|G&H|GS:SFHS|HUNT|Lifelines|MGBB|MGI|TWB|UCLA|UKB	yes	http://ftp.ebi.ac.uk/pub/databases/gwas/summary_statistics/GCST90399001-GCST90400000/GCST90399695	no	core_copd	81568	1310798	10	False	False	4219	50544	4	False	False	1392366.0	54763.0
2024-04-16	36777996	Zhou W	2022-10-12	Cell Genom	www.ncbi.nlm.nih.gov/pubmed/36777996	Global Biobank Meta-analysis Initiative: Powering genetic discovery across human disease.	Chronic obstructive pulmonary disease	630 Admixed American ancestry female cases, 4,554 Admixed American ancestry female controls, 119 South Asian ancestry female cases, 12,257 South Asian ancestry female controls, 1,060 African ancestry female cases, 15,990 African ancestry female controls, 7,407 East Asian ancestry female cases, 108,330 East Asian ancestry female controls, 19,262 European ancestry female cases, 434,514 European ancestry female controls	660 African ancestry female cases, 4,494 African ancestry female controls, 1,161 European ancestry female cases, 19,244 European ancestry female controls	Illumina [NR] (imputed)	0	chronic obstructive pulmonary disease	http://purl.obolibrary.org/obo/MONDO_0005002	GCST90399696	Genome-wide genotyping array						BBJ|BioMe|BioVU|CCPM|CKB|FinnGen|G&H|GS:SFHS|HUNT|Lifelines|MGI|UKB	yes	http://ftp.ebi.ac.uk/pub/databases/gwas/summary_statistics/GCST90399001-GCST90400000/GCST90399696	no	core_copd	28478	575645	10	True	False	1821	23738	4	True	False	604123.0	25559.0
2024-04-16	36777996	Zhou W	2022-10-12	Cell Genom	www.ncbi.nlm.nih.gov/pubmed/36777996	Global Biobank Meta-analysis Initiative: Powering genetic discovery across human disease.	Chronic obstructive pulmonary disease	400 Admixed American ancestry male cases, 3,199 Admixed American ancestry male controls, 365 South Asian ancestry male cases, 9,207 South Asian ancestry male controls, 692 African ancestry male cases, 10,385 African ancestry male controls, 10,323 East Asian ancestry male cases, 109,071 East Asian ancestry male controls, 22,913 European ancestry male cases, 357,556 European ancestry male controls	491 African ancestry male cases, 3,048 African ancestry male controls, 1,770 European ancestry male cases, 16,635 European ancestry male controls	Illumina [NR] (imputed)	0	chronic obstructive pulmonary disease	http://purl.obolibrary.org/obo/MONDO_0005002	GCST90399697	Genome-wide genotyping array						BBJ|BioMe|BioVU|CCPM|CKB|FinnGen|G&H|GS:SFHS|HUNT|Lifelines|MGI|UKB	yes	http://ftp.ebi.ac.uk/pub/databases/gwas/summary_statistics/GCST90399001-GCST90400000/GCST90399697	no	core_copd	34693	489418	10	True	False	2261	19683	4	True	False	524111.0	21944.0
2023-02-27	36543808	Do AR	2022-12-21	Sci Rep	www.ncbi.nlm.nih.gov/pubmed/36543808	A genome-wide association study implicates the pleiotropic effect of NMUR2 on asthma and COPD.	Chronic obstructive pulmonary disease	1,091 Korean ancestry cases, 5,346 Korean ancestry controls	7,822 European ancestry cases, 109,871 European ancestry controls	NR [4933459] (imputed)	4	chronic obstructive pulmonary disease	http://purl.obolibrary.org/obo/MONDO_0005002	GCST90255361	Genome-wide genotyping array						NR	no		no	core_copd	1091	5346	2	False	False	7822	109871	2	False	False	6437.0	117693.0
2023-05-04	37069358	Cosentino J	2023-04-17	Nat Genet	www.ncbi.nlm.nih.gov/pubmed/37069358	Inference of chronic obstructive pulmonary disease with deep learning on raw spirograms identifies new genetic loci and improves risk models.	Chronic obstructive pulmonary disease liability (machine learning-based score)	325,027 European ancestry individuals		Affymetrix [13285083] (imputed)	356	chronic obstructive pulmonary disease	http://purl.obolibrary.org/obo/MONDO_0005002	GCST90244098	Genome-wide genotyping array						UKB	yes	http://ftp.ebi.ac.uk/pub/databases/gwas/summary_statistics/GCST90244001-GCST90245000/GCST90244098	no	core_copd	0	0	0	False	False	0	0	0	False	False	325027.0	
2023-09-28	37601966	Walters RG	2023-07-20	Cell Genom	www.ncbi.nlm.nih.gov/pubmed/37601966	Genotyping and population characteristics of the China Kadoorie Biobank.	ICD10 J44: Other chronic obstructive pulmonary disease	6,043 Chinese ancestry cases, 73,676 Chinese ancestry controls		Affymetrix [8996882] (imputed)	0	chronic obstructive pulmonary disease	http://purl.obolibrary.org/obo/MONDO_0005002	GCST90246122	Genome-wide genotyping array						CKB	yes	http://ftp.ebi.ac.uk/pub/databases/gwas/summary_statistics/GCST90246001-GCST90247000/GCST90246122	no	core_copd	6043	73676	2	False	False	0	0	0	False	False	79719.0	
2024-02-06	38185688	Auwerx C	2024-01-08	Genome Med	www.ncbi.nlm.nih.gov/pubmed/38185688	Rare copy-number variants as modulators of common disease susceptibility.	ICD10 J44: chronic obstructive pulmonary disease (CNV mirror model)	13,863 British ancestry cases, 269,261 British ancestry controls	3,149 European ancestry cases, 75,336 European ancestry controls	NR [162]	0	chronic obstructive pulmonary disease	http://purl.obolibrary.org/obo/MONDO_0005002	GCST90297568	Genome-wide genotyping array						UKB	yes	http://ftp.ebi.ac.uk/pub/databases/gwas/summary_statistics/GCST90297001-GCST90298000/GCST90297568	no	core_copd	13863	269261	2	False	False	3149	75336	2	False	False	283124.0	78485.0
2024-02-06	38185688	Auwerx C	2024-01-08	Genome Med	www.ncbi.nlm.nih.gov/pubmed/38185688	Rare copy-number variants as modulators of common disease susceptibility.	ICD10 J44: chronic obstructive pulmonary disease (CNV U-shape model)	13,863 British ancestry cases, 269,261 British ancestry controls	3,149 European ancestry cases, 75,336 European ancestry controls	NR [162]	0	chronic obstructive pulmonary disease	http://purl.obolibrary.org/obo/MONDO_0005002	GCST90297622	Genome-wide genotyping array						UKB	yes	http://ftp.ebi.ac.uk/pub/databases/gwas/summary_statistics/GCST90297001-GCST90298000/GCST90297622	no	core_copd	13863	269261	2	False	False	3149	75336	2	False	False	283124.0	78485.0
2024-02-06	38185688	Auwerx C	2024-01-08	Genome Med	www.ncbi.nlm.nih.gov/pubmed/38185688	Rare copy-number variants as modulators of common disease susceptibility.	ICD10 J44: chronic obstructive pulmonary disease (CNV duplication-only model)	13,863 British ancestry cases, 269,261 British ancestry controls	3,149 European ancestry cases, 75,336 European ancestry controls	NR [150]	0	chronic obstructive pulmonary disease	http://purl.obolibrary.org/obo/MONDO_0005002	GCST90297675	Genome-wide genotyping array						UKB	yes	http://ftp.ebi.ac.uk/pub/databases/gwas/summary_statistics/GCST90297001-GCST90298000/GCST90297675	no	core_copd	13863	269261	2	False	False	3149	75336	2	False	False	283124.0	78485.0
2024-02-06	38185688	Auwerx C	2024-01-08	Genome Med	www.ncbi.nlm.nih.gov/pubmed/38185688	Rare copy-number variants as modulators of common disease susceptibility.	ICD10 J44: chronic obstructive pulmonary disease (CNV deletion-only model)	13,863 British ancestry cases, 269,261 British ancestry controls	3,149 European ancestry cases, 75,336 European ancestry controls	NR [129]	0	chronic obstructive pulmonary disease	http://purl.obolibrary.org/obo/MONDO_0005002	GCST90297723	Genome-wide genotyping array						UKB	yes	http://ftp.ebi.ac.uk/pub/databases/gwas/summary_statistics/GCST90297001-GCST90298000/GCST90297723	no	core_copd	13863	269261	2	False	False	3149	75336	2	False	False	283124.0	78485.0
2024-05-23	38601445	Jiang Y	2024-03-14	Transl Lung Cancer Res	www.ncbi.nlm.nih.gov/pubmed/38601445	A cross-trait study of lung cancer and its related respiratory diseases based on large-scale exome sequencing population.	Chronic obstructive pulmonary disease	17,561 European ancestry cases, 410,373 European ancestry controls		NR [NR]	4	chronic obstructive pulmonary disease	http://purl.obolibrary.org/obo/MONDO_0005002	GCST90428863	Exome-wide sequencing						UKB	no		no	core_copd	17561	410373	2	False	False	0	0	0	False	False	427934.0	
2026-03-16	38622589	Gao J	2024-04-16	Respir Res	www.ncbi.nlm.nih.gov/pubmed/38622589	Human genetic associations of the airway microbiome in chronic obstructive pulmonary disease.	COPD severity (based on Global Initiative for Chronic Obstructive Lung Disease)	97 East Asian ancestry individuals		NR [5471650] (imputed)	15	chronic obstructive pulmonary disease	http://purl.obolibrary.org/obo/MONDO_0005002	GCST90827700	Genome-wide sequencing						NR	no		no	core_copd	0	0	0	False	False	0	0	0	False	False	97.0	
2026-09-08	39024449	Verma A	2024-07-19	Science	www.ncbi.nlm.nih.gov/pubmed/39024449	Diversity and scale: Genetic architecture of 2068 traits in the VA Million Veteran Program.	Chronic airway obstruction (PheCode 496)	21,238 African American or Afro-Caribbean cases, 91,251 African American or Afro-Caribbean controls		NR [44300000] (imputed)	1	chronic obstructive pulmonary disease	http://purl.obolibrary.org/obo/MONDO_0005002	GCST90476026	Genome-wide genotyping array						MVP	yes	http://ftp.ebi.ac.uk/pub/databases/gwas/summary_statistics/GCST90476001-GCST90477000/GCST90476026	no	core_copd	21238	91251	2	False	False	0	0	0	False	False	112489.0	
2026-09-08	39024449	Verma A	2024-07-19	Science	www.ncbi.nlm.nih.gov/pubmed/39024449	Diversity and scale: Genetic architecture of 2068 traits in the VA Million Veteran Program.	Chronic airway obstruction (PheCode 496)	103,054 European ancestry cases, 315,450 European ancestry controls		NR [44300000] (imputed)	29	chronic obstructive pulmonary disease	http://purl.obolibrary.org/obo/MONDO_0005002	GCST90476027	Genome-wide genotyping array						MVP	yes	http://ftp.ebi.ac.uk/pub/databases/gwas/summary_statistics/GCST90476001-GCST90477000/GCST90476027	no	core_copd	103054	315450	2	False	False	0	0	0	False	False	418504.0	
2026-09-08	39024449	Verma A	2024-07-19	Science	www.ncbi.nlm.nih.gov/pubmed/39024449	Diversity and scale: Genetic architecture of 2068 traits in the VA Million Veteran Program.	Obstructive chronic bronchitis (PheCode 496.21)	24,495 European ancestry cases, 409,429 European ancestry controls		NR [44300000] (imputed)	4	chronic obstructive pulmonary disease	http://purl.obolibrary.org/obo/MONDO_0005002	GCST90476030	Genome-wide genotyping array						MVP	yes	http://ftp.ebi.ac.uk/pub/databases/gwas/summary_statistics/GCST90476001-GCST90477000/GCST90476030	no	core_copd	24495	409429	2	False	False	0	0	0	False	False	433924.0	
2026-09-08	39024449	Verma A	2024-07-19	Science	www.ncbi.nlm.nih.gov/pubmed/39024449	Diversity and scale: Genetic architecture of 2068 traits in the VA Million Veteran Program.	Chronic airway obstruction (PheCode 496)	6,646 Hispanic or Latin American cases, 49,745 Hispanic or Latin American controls		NR [44300000] (imputed)	0	chronic obstructive pulmonary disease	http://purl.obolibrary.org/obo/MONDO_0005002	GCST90478138	Genome-wide genotyping array						MVP	yes	http://ftp.ebi.ac.uk/pub/databases/gwas/summary_statistics/GCST90478001-GCST90479000/GCST90478138	no	core_copd	6646	49745	2	False	False	0	0	0	False	False	56391.0	
2026-09-08	39024449	Verma A	2024-07-19	Science	www.ncbi.nlm.nih.gov/pubmed/39024449	Diversity and scale: Genetic architecture of 2068 traits in the VA Million Veteran Program.	Obstructive chronic bronchitis (PheCode 496.21)	1,310 Hispanic or Latin American cases, 57,367 Hispanic or Latin American controls		NR [44300000] (imputed)	0	chronic obstructive pulmonary disease	http://purl.obolibrary.org/obo/MONDO_0005002	GCST90478143	Genome-wide genotyping array						MVP	yes	http://ftp.ebi.ac.uk/pub/databases/gwas/summary_statistics/GCST90478001-GCST90479000/GCST90478143	no	core_copd	1310	57367	2	False	False	0	0	0	False	False	58677.0	
2026-09-08	39024449	Verma A	2024-07-19	Science	www.ncbi.nlm.nih.gov/pubmed/39024449	Diversity and scale: Genetic architecture of 2068 traits in the VA Million Veteran Program.	Obstructive chronic bronchitis (PheCode 496.21)	4,683 African American or Afro-Caribbean cases, 113,336 African American or Afro-Caribbean controls		NR [44300000] (imputed)	0	chronic obstructive pulmonary disease	http://purl.obolibrary.org/obo/MONDO_0005002	GCST90478144	Genome-wide genotyping array						MVP	yes	http://ftp.ebi.ac.uk/pub/databases/gwas/summary_statistics/GCST90478001-GCST90479000/GCST90478144	no	core_copd	4683	113336	2	False	False	0	0	0	False	False	118019.0	
2026-09-08	39024449	Verma A	2024-07-19	Science	www.ncbi.nlm.nih.gov/pubmed/39024449	Diversity and scale: Genetic architecture of 2068 traits in the VA Million Veteran Program.	Obstructive chronic bronchitis (PheCode 496.21)	4,683 African American or Afro-Caribbean cases, 113,336 African American or Afro-Caribbean controls, 24,495 European ancestry cases, 409,429 European ancestry controls, 1,310 Hispanic or Latin American cases, 57,367 Hispanic or Latin American controls		NR [44300000] (imputed)	2	chronic obstructive pulmonary disease	http://purl.obolibrary.org/obo/MONDO_0005002	GCST90480251	Genome-wide genotyping array						MVP	yes	http://ftp.ebi.ac.uk/pub/databases/gwas/summary_statistics/GCST90480001-GCST90481000/GCST90480251	no	core_copd	30488	580132	6	False	False	0	0	0	False	False	610620.0	
2026-09-08	39024449	Verma A	2024-07-19	Science	www.ncbi.nlm.nih.gov/pubmed/39024449	Diversity and scale: Genetic architecture of 2068 traits in the VA Million Veteran Program.	Chronic airway obstruction (PheCode 496)	21,238 African American or Afro-Caribbean cases, 91,251 African American or Afro-Caribbean controls, 6,646 Hispanic or Latin American cases, 49,745 Hispanic or Latin American controls, 423 East Asian ancestry cases, 6,149 East Asian ancestry controls, 103,054 European ancestry cases, 315,450 European ancestry controls		NR [44300000] (imputed)	11	chronic obstructive pulmonary disease	http://purl.obolibrary.org/obo/MONDO_0005002	GCST90480254	Genome-wide genotyping array						MVP	yes	http://ftp.ebi.ac.uk/pub/databases/gwas/summary_statistics/GCST90480001-GCST90481000/GCST90480254	no	core_copd	131361	462595	8	False	False	0	0	0	False	False	593956.0	
2026-09-08	39024449	Verma A	2024-07-19	Science	www.ncbi.nlm.nih.gov/pubmed/39024449	Diversity and scale: Genetic architecture of 2068 traits in the VA Million Veteran Program.	Chronic airway obstruction (PheCode 496)	423 East Asian ancestry cases, 6,149 East Asian ancestry controls		NR [44300000] (imputed)	0	chronic obstructive pulmonary disease	http://purl.obolibrary.org/obo/MONDO_0005002	GCST90482079	Genome-wide genotyping array						MVP	no		no	core_copd	423	6149	2	False	False	0	0	0	False	False	6572.0	
2025-07-02	39789286	Loya H	2025-01-09	Nat Genet	www.ncbi.nlm.nih.gov/pubmed/39789286	A scalable variational inference approach for increased mixed-model association power.	Chronic obstructive airways disease	394,626 European ancestry individuals		NR [13308323] (imputed)	0	chronic obstructive pulmonary disease	http://purl.obolibrary.org/obo/MONDO_0005002	GCST90468119	Genome-wide genotyping array						UKB	yes	http://ftp.ebi.ac.uk/pub/databases/gwas/summary_statistics/GCST90468001-GCST90469000/GCST90468119	no	core_copd	0	0	0	False	False	0	0	0	False	False	394626.0	
2025-07-29	40465716	Liu TY	2025-06-04	Sci Adv	www.ncbi.nlm.nih.gov/pubmed/40465716	Diversity and longitudinal records: Genetic architecture of disease associations and polygenic risk in the Taiwanese Han population.	Chronic airway obstruction (PheCode 496)	8,215 Han Taiwanese ancestry cases, 210,469 Han Taiwanese ancestry controls		Affymetrix [14181206] (imputed)	1	chronic obstructive pulmonary disease	http://purl.obolibrary.org/obo/MONDO_0005002	GCST90652124	Genome-wide genotyping array						CMUH	no		no	core_copd	8215	210469	2	False	False	0	0	0	False	False	218684.0	
2025-07-29	40465716	Liu TY	2025-06-04	Sci Adv	www.ncbi.nlm.nih.gov/pubmed/40465716	Diversity and longitudinal records: Genetic architecture of disease associations and polygenic risk in the Taiwanese Han population.	Obstructive chronic bronchitis (PheCode 496.21)	3,743 Han Taiwanese ancestry cases, 210,469 Han Taiwanese ancestry controls		Affymetrix [14181206] (imputed)	1	chronic obstructive pulmonary disease	http://purl.obolibrary.org/obo/MONDO_0005002	GCST90652177	Genome-wide genotyping array						CMUH	no		no	core_copd	3743	210469	2	False	False	0	0	0	False	False	214212.0	
2025-09-11	40753274	Newbury A	2025-08-02	NPJ Digit Med	www.ncbi.nlm.nih.gov/pubmed/40753274	Multi-domain rule-based phenotyping algorithms enable improved GWAS signal.	COPD (ADO phenotyping)	405,811 European ancestry, unknown ancestry individuals		NR [3686405] (imputed)	0	chronic obstructive pulmonary disease	http://purl.obolibrary.org/obo/MONDO_0005002	GCST90668057	Genome-wide genotyping array						UKB	yes	http://ftp.ebi.ac.uk/pub/databases/gwas/summary_statistics/GCST90668001-GCST90669000/GCST90668057	no	core_copd	0	0	0	False	False	0	0	0	False	False	405811.0	
2025-09-11	40753274	Newbury A	2025-08-02	NPJ Digit Med	www.ncbi.nlm.nih.gov/pubmed/40753274	Multi-domain rule-based phenotyping algorithms enable improved GWAS signal.	COPD (OHDSI: 28)	405,811 European ancestry, unknown ancestry individuals		NR [3686405] (imputed)	0	chronic obstructive pulmonary disease	http://purl.obolibrary.org/obo/MONDO_0005002	GCST90668058	Genome-wide genotyping array						UKB	yes	http://ftp.ebi.ac.uk/pub/databases/gwas/summary_statistics/GCST90668001-GCST90669000/GCST90668058	no	core_copd	0	0	0	False	False	0	0	0	False	False	405811.0	
2025-09-11	40753274	Newbury A	2025-08-02	NPJ Digit Med	www.ncbi.nlm.nih.gov/pubmed/40753274	Multi-domain rule-based phenotyping algorithms enable improved GWAS signal.	COPD (2+ condition: 255573)	405,811 European ancestry, unknown ancestry individuals		NR [3686405] (imputed)	0	chronic obstructive pulmonary disease	http://purl.obolibrary.org/obo/MONDO_0005002	GCST90668059	Genome-wide genotyping array						UKB	yes	http://ftp.ebi.ac.uk/pub/databases/gwas/summary_statistics/GCST90668001-GCST90669000/GCST90668059	no	core_copd	0	0	0	False	False	0	0	0	False	False	405811.0	
2025-08-29	40770095	UK Biobank Whole-Genome Sequencing Consortium	2025-08-06	Nature	www.ncbi.nlm.nih.gov/pubmed/40770095	Whole-genome sequencing of 490,640 UK Biobank participants.	ICD10 J44: Other chronic obstructive pulmonary disease	228 African ancestry cases, 8,987 African ancestry controls		Illumina [34591832]	0	chronic obstructive pulmonary disease	http://purl.obolibrary.org/obo/MONDO_0005002	GCST90473706	Genome-wide sequencing						UKB	yes	http://ftp.ebi.ac.uk/pub/databases/gwas/summary_statistics/GCST90473001-GCST90474000/GCST90473706	no	core_copd	228	8987	2	False	False	0	0	0	False	False	9215.0	
2025-08-29	40770095	UK Biobank Whole-Genome Sequencing Consortium	2025-08-06	Nature	www.ncbi.nlm.nih.gov/pubmed/40770095	Whole-genome sequencing of 490,640 UK Biobank participants.	ICD10 J44: Other chronic obstructive pulmonary disease	26,274 Non-Finnish European ancestry cases, 432,166 Non-Finnish European ancestry controls		Illumina [102304434]	0	chronic obstructive pulmonary disease	http://purl.obolibrary.org/obo/MONDO_0005002	GCST90473707	Genome-wide sequencing						UKB	yes	http://ftp.ebi.ac.uk/pub/databases/gwas/summary_statistics/GCST90473001-GCST90474000/GCST90473707	no	core_copd	26274	432166	2	False	False	0	0	0	False	False	458440.0	
2025-08-29	40770095	UK Biobank Whole-Genome Sequencing Consortium	2025-08-06	Nature	www.ncbi.nlm.nih.gov/pubmed/40770095	Whole-genome sequencing of 490,640 UK Biobank participants.	ICD10 J44: Other chronic obstructive pulmonary disease	353 South Asian ancestry cases, 9,260 South Asian ancestry controls		Illumina [21815311]	0	chronic obstructive pulmonary disease	http://purl.obolibrary.org/obo/MONDO_0005002	GCST90473708	Genome-wide sequencing						UKB	yes	http://ftp.ebi.ac.uk/pub/databases/gwas/summary_statistics/GCST90473001-GCST90474000/GCST90473708	no	core_copd	353	9260	2	False	False	0	0	0	False	False	9613.0	
2025-08-29	40770095	UK Biobank Whole-Genome Sequencing Consortium	2025-08-06	Nature	www.ncbi.nlm.nih.gov/pubmed/40770095	Whole-genome sequencing of 490,640 UK Biobank participants.	ICD10 J44: Other chronic obstructive pulmonary disease	26,274 Non-Finnish European ancestry cases, 432,166 Non-Finnish European ancestry controls, 228 African ancestry cases, 8,987 African ancestry controls, 353 South Asian ancestry cases, 9,260 South Asian ancestry controls		Illumina [NR]	16	chronic obstructive pulmonary disease	http://purl.obolibrary.org/obo/MONDO_0005002	GCST90667889	Genome-wide sequencing						UKB	no		no	core_copd	26855	450413	6	False	False	0	0	0	False	False	477268.0	
2026-06-05	40973091	Dai J	2025-09-17	Genomics Proteomics Bioinformatics	www.ncbi.nlm.nih.gov/pubmed/40973091	Boosting the Power of Rare Variant Association Studies by Imputation Using Large-scale Sequencing Population.	Chronic obstructive pulmonary disease	19,444 European ancestry cases, 440,041 European ancestry controls		Affymetrix [819134] (imputed)	1	chronic obstructive pulmonary disease	http://purl.obolibrary.org/obo/MONDO_0005002	GCST90854220	Genome-wide genotyping array						UKB	no		no	core_copd	19444	440041	2	False	False	0	0	0	False	False	459485.0	
2026-06-05	40973091	Dai J	2025-09-17	Genomics Proteomics Bioinformatics	www.ncbi.nlm.nih.gov/pubmed/40973091	Boosting the Power of Rare Variant Association Studies by Imputation Using Large-scale Sequencing Population.	Chronic obstructive pulmonary disease	19,444 European ancestry cases, 440,041 European ancestry controls		Affymetrix [8537429] (imputed)	1	chronic obstructive pulmonary disease	http://purl.obolibrary.org/obo/MONDO_0005002	GCST90854221	Genome-wide genotyping array						UKB	no		no	core_copd	19444	440041	2	False	False	0	0	0	False	False	459485.0	
2026-06-05	40973091	Dai J	2025-09-17	Genomics Proteomics Bioinformatics	www.ncbi.nlm.nih.gov/pubmed/40973091	Boosting the Power of Rare Variant Association Studies by Imputation Using Large-scale Sequencing Population.	Chronic obstructive pulmonary disease	4,845 European ancestry cases, 136,236 European ancestry controls		Illumina [421848246]	0	chronic obstructive pulmonary disease	http://purl.obolibrary.org/obo/MONDO_0005002	GCST90854222	Genome-wide sequencing						UKB	no		no	core_copd	4845	136236	2	False	False	0	0	0	False	False	141081.0	
2025-10-08	40968291	Karczewski KJ	2025-09-18	Nat Genet	www.ncbi.nlm.nih.gov/pubmed/40968291	Pan-UK Biobank genome-wide association analyses enhance discovery and resolution of ancestry-enriched effects.	ICD10 J44: Other chronic obstructive pulmonary disease	11,536 European ancestry cases, 408,995 European ancestry controls		Affymetrix [23861814] (imputed)	0	chronic obstructive pulmonary disease	http://purl.obolibrary.org/obo/MONDO_0005002	GCST90691934	Genome-wide genotyping array						UKB	yes	http://ftp.ebi.ac.uk/pub/databases/gwas/summary_statistics/GCST90691001-GCST90692000/GCST90691934	no	core_copd	11536	408995	2	False	False	0	0	0	False	False	420531.0	
2025-10-08	40968291	Karczewski KJ	2025-09-18	Nat Genet	www.ncbi.nlm.nih.gov/pubmed/40968291	Pan-UK Biobank genome-wide association analyses enhance discovery and resolution of ancestry-enriched effects.	ICD10 J44: Other chronic obstructive pulmonary disease	152 Central/South Asian ancestry cases, 8,724 Central/South Asian ancestry controls		Affymetrix [15969799] (imputed)	0	chronic obstructive pulmonary disease	http://purl.obolibrary.org/obo/MONDO_0005002	GCST90692407	Genome-wide genotyping array						UKBB	yes	http://ftp.ebi.ac.uk/pub/databases/gwas/summary_statistics/GCST90692001-GCST90693000/GCST90692407	no	core_copd	152	8724	2	False	False	0	0	0	False	False	8876.0	
2025-10-08	40968291	Karczewski KJ	2025-09-18	Nat Genet	www.ncbi.nlm.nih.gov/pubmed/40968291	Pan-UK Biobank genome-wide association analyses enhance discovery and resolution of ancestry-enriched effects.	ICD10 J44: Other chronic obstructive pulmonary disease	152 Central/South Asian ancestry cases, 8,724 Central/South Asian ancestry controls, 11,536 European ancestry cases, 408,995 European ancestry controls		Affymetrix [28987534] (imputed)	0	chronic obstructive pulmonary disease	http://purl.obolibrary.org/obo/MONDO_0005002	GCST90692991	Genome-wide genotyping array						UKBB	yes	http://ftp.ebi.ac.uk/pub/databases/gwas/summary_statistics/GCST90692001-GCST90693000/GCST90692991	no	core_copd	11688	417719	4	False	False	0	0	0	False	False	429407.0	
2026-05-28	41298473	Koyama S	2025-11-26	Nat Commun	www.ncbi.nlm.nih.gov/pubmed/41298473	Genetics and context for precision health in Greater Boston.	Chronic airway obstruction (PheCode 496)	5,868 African-like, Admixed American-like, European-like or unknown ancestry cases, 46,506 African-like, Admixed American-like, European-like or unknown ancestry controls		Illumina [NR] (imputed)	1	chronic obstructive pulmonary disease	http://purl.obolibrary.org/obo/MONDO_0005002	GCST90837486	Genome-wide genotyping array						MGBB	no		no	core_copd	0	0	0	False	False	0	0	0	False	False	52374.0	
2026-04-22	41896352	Kim HI	2026-03-27	Nat Genet	www.ncbi.nlm.nih.gov/pubmed/41896352	Exome sequencing and analysis of 44,028 British South Asians enriched for high autozygosity.	Chronic obstructive pulmonary disease (MULTIPLY codelist)	986 British Bangladeshi or British Pakistani cases, 43,040 British Bangladeshi or British Pakistani controls	11,863 British Bangladeshi or British Pakistani individuals	NR [1452232]	0	chronic obstructive pulmonary disease	http://purl.obolibrary.org/obo/MONDO_0005002	GCST90726684	Exome-wide sequencing						G&H	yes	http://ftp.ebi.ac.uk/pub/databases/gwas/summary_statistics/GCST90726001-GCST90727000/GCST90726684	no	core_copd	986	43040	2	False	False	0	0	0	False	False	44026.0	11863.0
2026-04-22	41896352	Kim HI	2026-03-27	Nat Genet	www.ncbi.nlm.nih.gov/pubmed/41896352	Exome sequencing and analysis of 44,028 British South Asians enriched for high autozygosity.	Chronic obstructive pulmonary disease (GlobalBiobankMetaAnalysis codelist)	1,067 British Bangladeshi or British Pakistani cases, 42,959 British Bangladeshi or British Pakistani controls	11,863 British Bangladeshi or British Pakistani individuals	NR [1452232]	0	chronic obstructive pulmonary disease	http://purl.obolibrary.org/obo/MONDO_0005002	GCST90726818	Exome-wide sequencing						G&H	yes	http://ftp.ebi.ac.uk/pub/databases/gwas/summary_statistics/GCST90726001-GCST90727000/GCST90726818	no	core_copd	1067	42959	2	False	False	0	0	0	False	False	44026.0	11863.0
2026-04-22	41896352	Kim HI	2026-03-27	Nat Genet	www.ncbi.nlm.nih.gov/pubmed/41896352	Exome sequencing and analysis of 44,028 British South Asians enriched for high autozygosity.	Chronic obstructive pulmonary disease (HDR-UK definition)	822 British Bangladeshi or British Pakistani cases, 43,204 British Bangladeshi or British Pakistani controls	11,863 British Bangladeshi or British Pakistani individuals	NR [1452232]	0	chronic obstructive pulmonary disease	http://purl.obolibrary.org/obo/MONDO_0005002	GCST90726824	Exome-wide sequencing						G&H	yes	http://ftp.ebi.ac.uk/pub/databases/gwas/summary_statistics/GCST90726001-GCST90727000/GCST90726824	no	core_copd	822	43204	2	False	False	0	0	0	False	False	44026.0	11863.0
2026-04-22	41896352	Kim HI	2026-03-27	Nat Genet	www.ncbi.nlm.nih.gov/pubmed/41896352	Exome sequencing and analysis of 44,028 British South Asians enriched for high autozygosity.	ICD10 J44: Other chronic obstructive pulmonary disease	798 British Bangladeshi or British Pakistani cases, 43,228 British Bangladeshi or British Pakistani controls	11,863 British Bangladeshi or British Pakistani individuals	NR [1452231]	0	chronic obstructive pulmonary disease	http://purl.obolibrary.org/obo/MONDO_0005002	GCST90726958	Exome-wide sequencing						G&H	yes	http://ftp.ebi.ac.uk/pub/databases/gwas/summary_statistics/GCST90726001-GCST90727000/GCST90726958	no	core_copd	798	43228	2	False	False	0	0	0	False	False	44026.0	11863.0
2026-06-29	42243103	Nam K	2026-06-04	Nat Commun	www.ncbi.nlm.nih.gov/pubmed/42243103	Integrative genomic analysis of 21 orofacial diseases identifies shared genetic architecture with systemic diseases.	Chronic obstructive pulmonary disease	27,304 European ancestry cases, 430,208 European ancestry controls		Affymetrix [54303990] (imputed)	0	chronic obstructive pulmonary disease	http://purl.obolibrary.org/obo/MONDO_0005002	GCST90837197	Genome-wide genotyping array						UKB	yes	http://ftp.ebi.ac.uk/pub/databases/gwas/summary_statistics/GCST90837001-GCST90838000/GCST90837197	no	core_copd	27304	430208	2	False	False	0	0	0	False	False	457512.0	
